4.7370780808024975
4.7370780808024975
1.0694942924375646
0.5847471462187823
1.3118678655469558
0.7059339327734777
1.3118678655469558
1.3118678655469558
0.7907646833617645
1.3118678655469558
1.3118678655469558
0.7059339327734777
1.3118678655469558
1.0694942924375646
1.3118678655469558
0.6786669057986712
0.7463295282917096
0.10727120719328173
1.1906810789922602
0.1
1.3118678655469558
1.0694942924375646
0.5847471462187823
1.3118678655469558
0.7059339327734777
1.3118678655469558
1.3118678655469558
0.7907646833617645
1.3118678655469558
1.3118678655469558
0.7059339327734777
1.3118678655469558
1.0694942924375646
1.3118678655469558
0.6786669057986712
0.7463295282917096
0.10727120719328173
1.1906810789922602
0.1
1.3118678655469558
